



Xé≤ç¿ïW Yé≤ç¿ïW Zé≤ç¿ïW
      47     -10    2000
      28     -10    2000
       9     -10    2000
     -10     -10    2000
     -29     -10    2000
     -86     -10    2300
     -67     -10    2300
     -48     -10    2300
     -29     -10    2300
     -10     -10    2300
      47     -10    2500
      47     -10    2519
      47     -10    2538
      28     -10    2500
      28     -10    2519
      28     -10    2538
       9     -10    2500
       9     -10    2519
       9     -10    2538
     -10     -10    2500
     -10     -10    2519
     -10     -10    2538
     -29     -10    2500
     -29     -10    2519
     -29     -10    2538
     -86     -10    3000
     -67     -10    3000
     -48     -10    3000
     -29     -10    3000
     -10     -10    3000
      47     -10    3300
      28     -10    3300
       9     -10    3300
     -10     -10    3300
     -29     -10    3300
     -86     -10    3500
     -86     -10    3519
     -86     -10    3538
     -67     -10    3500
     -67     -10    3519
     -67     -10    3538
     -48     -10    3500
     -48     -10    3519
     -48     -10    3538
     -29     -10    3500
     -29     -10    3519
     -29     -10    3538
     -10     -10    3500
     -10     -10    3519
     -10     -10    3538
     -86     -10    4500
     -86     -10    4519
     -86     -10    4538
     -86     -10    4557
     -86     -10    4576
     -86     -10    4595
     -86     -10    4614
     -86     -10    4633
     -86     -10    4652
     -86     -10    4671
     -86     -10    4690
     -86     -10    4709
     -86     -10    4728
     -86     -10    4747
     -86     -10    4766
     -86     -10    4785
     -86     -10    4804
     -86     -10    4823
     -86     -10    4842
     -86     -10    4861
      47     -10    4500
      47     -10    4519
      47     -10    4538
      47     -10    4557
      47     -10    4576
      47     -10    4595
      47     -10    4614
      47     -10    4633
      47     -10    4652
      47     -10    4671
      47     -10    4690
      47     -10    4709
      47     -10    4728
      47     -10    4747
      47     -10    4766
      47     -10    4785
      47     -10    4804
      47     -10    4823
      47     -10    4842
      47     -10    4861
     -67     -10    4880
     -67     -10    4899
     -67     -10    4918
     -67     -10    4937
     -67     -10    4956
     -67     -10    4975
     -67     -10    4994
     -67     -10    5013
     -67     -10    5032
     -67     -10    5051
     -67     -10    5070
     -67     -10    5089
     -67     -10    5108
     -67     -10    5127
     -67     -10    5146
     -67     -10    5165
      28     -10    4880
      28     -10    4899
      28     -10    4918
      28     -10    4937
      28     -10    4956
      28     -10    4975
      28     -10    4994
      28     -10    5013
      28     -10    5032
      28     -10    5051
      28     -10    5070
      28     -10    5089
      28     -10    5108
      28     -10    5127
      28     -10    5146
      28     -10    5165
     -48     -10    5184
     -48     -10    5203
     -48     -10    5222
     -48     -10    5241
     -48     -10    5260
     -48     -10    5279
     -48     -10    5298
     -48     -10    5317
     -48     -10    5336
     -48     -10    5355
     -48     -10    5374
     -48     -10    5393
     -48     -10    5412
     -48     -10    5431
     -48     -10    5450
     -48     -10    5469
     -48     -10    5488
     -48     -10    5507
     -48     -10    5526
     -48     -10    5545
     -48     -10    5564
     -48     -10    5583
     -48     -10    5602
     -48     -10    5621
       9     -10    5184
       9     -10    5203
       9     -10    5222
       9     -10    5241
       9     -10    5260
       9     -10    5279
       9     -10    5298
       9     -10    5317
       9     -10    5336
       9     -10    5355
       9     -10    5374
       9     -10    5393
       9     -10    5412
       9     -10    5431
       9     -10    5450
       9     -10    5469
       9     -10    5488
       9     -10    5507
       9     -10    5526
       9     -10    5545
       9     -10    5564
       9     -10    5583
       9     -10    5602
       9     -10    5621
     -29     -10    6000
     -10     -10    6000
      28     -10    6300
       9     -10    6300
     -67     -10    6300
     -48     -10    6300
     -48     -10    6600
     -29     -10    6600
     -10     -10    6600
     -10     -10    6619
     -10     -10    6638
     -10     -10    6657
     -10     -10    6676
     -10     -10    6695
     -10     -10    6714
     -29     -10    6619
     -29     -10    6638
     -29     -10    6657
     -29     -10    6676
     -29     -10    6695
     -29     -10    6714
       9     -10    6714
     -86     -10    7000
     -67     -10    7000
     -48     -10    7000
      47     -10    7300
      28     -10    7300
       9     -10    7300
     -10     -10    7300
     -29     -10    7300
     -29     -10    7500
     -29     -10    7519
     -29     -10    7538
     -29     -10    7557
     -29     -10    7576
     -29     -10    7595
     -29     -10    7614
     -29     -10    7633
     -10     -10    7500
     -10     -10    7519
     -10     -10    7538
     -10     -10    7557
     -10     -10    7576
     -10     -10    7595
     -10     -10    7614
     -10     -10    7633
     -29     -10    8000
     -29     -10    8019
     -29     -10    8038
     -29     -10    8057
     -29     -10    8076
     -29     -10    8095
     -29     -10    8114
     -29     -10    8133
     -29     -10    8152
     -10     -10    8000
     -10     -10    8019
     -10     -10    8038
     -10     -10    8057
     -10     -10    8076
     -10     -10    8095
     -10     -10    8114
     -10     -10    8133
     -10     -10    8152
       0     -10       0
       0     -10       0
       0     -10       0
       0     -10       0
       0     -10       0
       0     -10       0
       0     -10       0
       0     -10       0
       0     -10       0
       0     -10       0
       0     -10       0
       0     -10       0
       0     -10       0
       0     -10       0
       0     -10       0
       0     -10       0
       0     -10       0
       0     -10       0
       0     -10       0
       0     -10       0
       0     -10       0
       0     -10       0
       0     -10       0
       0     -10       0
       0     -10       0
       0     -10       0
       0     -10       0
       0     -10       0
       0     -10       0
       0     -10       0
       0     -10       0
       0     -10       0
       0     -10       0
       0     -10       0
       0     -10       0
       0     -10       0
       0     -10       0
       0     -10       0
       0     -10       0
       0     -10       0
       0     -10       0
       0     -10       0
       0     -10       0
       0     -10       0
       0     -10       0
       0     -10       0
       0     -10       0
       0     -10       0
       0     -10       0
       0     -10       0
       0     -10       0
       0     -10       0
       0     -10       0
       0     -10       0
       0     -10       0
       0     -10       0
       0     -10       0
       0     -10       0
       0     -10       0
       0     -10       0
       0     -10       0
       0     -10       0
       0     -10       0
       0     -10       0
       0     -10       0
       0     -10       0
       0     -10       0
       0     -10       0
       0     -10       0
       0     -10       0
       0     -10       0
       0     -10       0
       0     -10       0
       0     -10       0
       0     -10       0
       0     -10       0
       0     -10       0
       0     -10       0
       0     -10       0
       0     -10       0
       0     -10       0
       0     -10       0
       0     -10       0
       0     -10       0
       0     -10       0
       0     -10       0
       0     -10       0
       0     -10       0
       0     -10       0
       0     -10       0
       0     -10       0
       0     -10       0
       0     -10       0
       0     -10       0
       0     -10       0
       0     -10       0
       0     -10       0
       0     -10       0
       0     -10       0
       0     -10       0
       0     -10       0
       0     -10       0
       0     -10       0
       0     -10       0
       0     -10       0
       0     -10       0
       0     -10       0
       0     -10       0
       0     -10       0
       0     -10       0
       0     -10       0
       0     -10       0
       0     -10       0
       0     -10       0
       0     -10       0
       0     -10       0
       0     -10       0
       0     -10       0
       0     -10       0
       0     -10       0
       0     -10       0
       0     -10       0
       0     -10       0
       0     -10       0
       0     -10       0
       0     -10       0
       0     -10       0
       0     -10       0
       0     -10       0
       0     -10       0
       0     -10       0
       0     -10       0
       0     -10       0
       0     -10       0
       0     -10       0
       0     -10       0
       0     -10       0
       0     -10       0
       0     -10       0
       0     -10       0
       0     -10       0
       0     -10       0
       0     -10       0
       0     -10       0
       0     -10       0
       0     -10       0
       0     -10       0
       0     -10       0
       0     -10       0
       0     -10       0
       0     -10       0
       0     -10       0
       0     -10       0
       0     -10       0
       0     -10       0
       0     -10       0
       0     -10       0
       0     -10       0
       0     -10       0
       0     -10       0
       0     -10       0
       0     -10       0
       0     -10       0
       0     -10       0
       0     -10       0
       0     -10       0
       0     -10       0
       0     -10       0
       0     -10       0
       0     -10       0
       0     -10       0
       0     -10       0
       0     -10       0
       0     -10       0
       0     -10       0
       0     -10       0
       0     -10       0
       0     -10       0
       0     -10       0
       0     -10       0
       0     -10       0
       0     -10       0
       0     -10       0
       0     -10       0
       0     -10       0
       0     -10       0
       0     -10       0
       0     -10       0
       0     -10       0
       0     -10       0
       0     -10       0
       0     -10       0
       0     -10       0
       0     -10       0
       0     -10       0
       0     -10       0
       0     -10       0
       0     -10       0
       0     -10       0
       0     -10       0
       0     -10       0
       0     -10       0
       0     -10       0
       0     -10       0
       0     -10       0
       0     -10       0
       0     -10       0
       0     -10       0
       0     -10       0
       0     -10       0
       0     -10       0
       0     -10       0
       0     -10       0
       0     -10       0
       0     -10       0
       0     -10       0
       0     -10       0
       0     -10       0
       0     -10       0
       0     -10       0
       0     -10       0
       0     -10       0
       0     -10       0
       0     -10       0
       0     -10       0
       0     -10       0
       0     -10       0
       0     -10       0
       0     -10       0
       0     -10       0
       0     -10       0
       0     -10       0
       0     -10       0
       0     -10       0
       0     -10       0
       0     -10       0
       0     -10       0
       0     -10       0
       0     -10       0
       0     -10       0
       0     -10       0
       0     -10       0
       0     -10       0
       0     -10       0
       0     -10       0
       0     -10       0
       0     -10       0
       0     -10       0
       0     -10       0
       0     -10       0
       0     -10       0
       0     -10       0
       0     -10       0
       0     -10       0
       0     -10       0
       0     -10       0
       0     -10       0
       0     -10       0
       0     -10       0
       0     -10       0
       0     -10       0
       0     -10       0
       0     -10       0
       0     -10       0
       0     -10       0
       0     -10       0
       0     -10       0
       0     -10       0
       0     -10       0
       0     -10       0
       0     -10       0
       0     -10       0
       0     -10       0
       0     -10       0
       0     -10       0
       0     -10       0
       0     -10       0
       0     -10       0
       0     -10       0
       0     -10       0
       0     -10       0
       0     -10       0
       0     -10       0
       0     -10       0
       0     -10       0
       0     -10       0
       0     -10       0
       0     -10       0
       0     -10       0
       0     -10       0
       0     -10       0
       0     -10       0
       0     -10       0
       0     -10       0
       0     -10       0
       0     -10       0
       0     -10       0
       0     -10       0
       0     -10       0
       0     -10       0
       0     -10       0
       0     -10       0
       0     -10       0
       0     -10       0
       0     -10       0
       0     -10       0
       0     -10       0
       0     -10       0
       0     -10       0
       0     -10       0
       0     -10       0
       0     -10       0
       0     -10       0
       0     -10       0
       0     -10       0
       0     -10       0
       0     -10       0
       0     -10       0
       0     -10       0
       0     -10       0
       0     -10       0
       0     -10       0
       0     -10       0
       0     -10       0
       0     -10       0
       0     -10       0
       0     -10       0
       0     -10       0
       0     -10       0
       0     -10       0
       0     -10       0
       0     -10       0
       0     -10       0
       0     -10       0
       0     -10       0
       0     -10       0
       0     -10       0
       0     -10       0
       0     -10       0
       0     -10       0
       0     -10       0
       0     -10       0
       0     -10       0
       0     -10       0
       0     -10       0
       0     -10       0
       0     -10       0
       0     -10       0
       0     -10       0
       0     -10       0
       0     -10       0
       0     -10       0
       0     -10       0
       0     -10       0
       0     -10       0
       0     -10       0
       0     -10       0
       0     -10       0
       0     -10       0
       0     -10       0
       0     -10       0
       0     -10       0
       0     -10       0
       0     -10       0
       0     -10       0
       0     -10       0
       0     -10       0
       0     -10       0
       0     -10       0
       0     -10       0
       0     -10       0
       0     -10       0
       0     -10       0
       0     -10       0
       0     -10       0
       0     -10       0
       0     -10       0
       0     -10       0
       0     -10       0
       0     -10       0
       0     -10       0
       0     -10       0
       0     -10       0
       0     -10       0
       0     -10       0
       0     -10       0
       0     -10       0
       0     -10       0
       0     -10       0
       0     -10       0
       0     -10       0
       0     -10       0
       0     -10       0
       0     -10       0
       0     -10       0
       0     -10       0
       0     -10       0
       0     -10       0
       0     -10       0
       0     -10       0
       0     -10       0
       0     -10       0
       0     -10       0
       0     -10       0
       0     -10       0
       0     -10       0
       0     -10       0
       0     -10       0
       0     -10       0
       0     -10       0
       0     -10       0
       0     -10       0
       0     -10       0
       0     -10       0
       0     -10       0
       0     -10       0
       0     -10       0
       0     -10       0
       0     -10       0
       0     -10       0
       0     -10       0
       0     -10       0
       0     -10       0
       0     -10       0
       0     -10       0
       0     -10       0
       0     -10       0
       0     -10       0
       0     -10       0
       0     -10       0
       0     -10       0
       0     -10       0
       0     -10       0
       0     -10       0
       0     -10       0
       0     -10       0
       0     -10       0
       0     -10       0
       0     -10       0
       0     -10       0
       0     -10       0
       0     -10       0
       0     -10       0
       0     -10       0
       0     -10       0
       0     -10       0
       0     -10       0
       0     -10       0
       0     -10       0
       0     -10       0
       0     -10       0
       0     -10       0
       0     -10       0
       0     -10       0
       0     -10       0
       0     -10       0
       0     -10       0
       0     -10       0
       0     -10       0
       0     -10       0
       0     -10       0
       0     -10       0
       0     -10       0
       0     -10       0
       0     -10       0
       0     -10       0
       0     -10       0
       0     -10       0
       0     -10       0
       0     -10       0
       0     -10       0
       0     -10       0
       0     -10       0
       0     -10       0
       0     -10       0
       0     -10       0
       0     -10       0
       0     -10       0
       0     -10       0
       0     -10       0
       0     -10       0
       0     -10       0
       0     -10       0
       0     -10       0
       0     -10       0
       0     -10       0
       0     -10       0
       0     -10       0
       0     -10       0
       0     -10       0
       0     -10       0
       0     -10       0
       0     -10       0
       0     -10       0
       0     -10       0
       0     -10       0
       0     -10       0
       0     -10       0
       0     -10       0
       0     -10       0
       0     -10       0
       0     -10       0
       0     -10       0
       0     -10       0
       0     -10       0
       0     -10       0
       0     -10       0
       0     -10       0
       0     -10       0
       0     -10       0
       0     -10       0
       0     -10       0
       0     -10       0
       0     -10       0
       0     -10       0
       0     -10       0
       0     -10       0
       0     -10       0
       0     -10       0
       0     -10       0
       0     -10       0
       0     -10       0
       0     -10       0
       0     -10       0
       0     -10       0
       0     -10       0
       0     -10       0
       0     -10       0
       0     -10       0
       0     -10       0
       0     -10       0
       0     -10       0
       0     -10       0
       0     -10       0
       0     -10       0
       0     -10       0
       0     -10       0
       0     -10       0
       0     -10       0
       0     -10       0
       0     -10       0
       0     -10       0
       0     -10       0
       0     -10       0
       0     -10       0
       0     -10       0
       0     -10       0
       0     -10       0
       0     -10       0
       0     -10       0
       0     -10       0
       0     -10       0
       0     -10       0
       0     -10       0
       0     -10       0
       0     -10       0
       0     -10       0
       0     -10       0
       0     -10       0
       0     -10       0
       0     -10       0
       0     -10       0
       0     -10       0
       0     -10       0
       0     -10       0
       0     -10       0
       0     -10       0
       0     -10       0
       0     -10       0
       0     -10       0
       0     -10       0
       0     -10       0
       0     -10       0
       0     -10       0
       0     -10       0
       0     -10       0
       0     -10       0
       0     -10       0
       0     -10       0
       0     -10       0
       0     -10       0
       0     -10       0
       0     -10       0
       0     -10       0
       0     -10       0
       0     -10       0
       0     -10       0
       0     -10       0
       0     -10       0
       0     -10       0
       0     -10       0
       0     -10       0
       0     -10       0
       0     -10       0
       0     -10       0
       0     -10       0
       0     -10       0
       0     -10       0
       0     -10       0
       0     -10       0
       0     -10       0
       0     -10       0
       0     -10       0
       0     -10       0
       0     -10       0
       0     -10       0
       0     -10       0
       0     -10       0
       0     -10       0
       0     -10       0
       0     -10       0
       0     -10       0
       0     -10       0
       0     -10       0
       0     -10       0
       0     -10       0
       0     -10       0
       0     -10       0
       0     -10       0
       0     -10       0
       0     -10       0
       0     -10       0
       0     -10       0
       0     -10       0
       0     -10       0
       0     -10       0
       0     -10       0
       0     -10       0
       0     -10       0
       0     -10       0
       0     -10       0
       0     -10       0
       0     -10       0
       0     -10       0
       0     -10       0
       0     -10       0
       0     -10       0
       0     -10       0
       0     -10       0
       0     -10       0
       0     -10       0
       0     -10       0
       0     -10       0
       0     -10       0
       0     -10       0
       0     -10       0
       0     -10       0
       0     -10       0
       0     -10       0
       0     -10       0
       0     -10       0
       0     -10       0
       0     -10       0
       0     -10       0
       0     -10       0
       0     -10       0
       0     -10       0
       0     -10       0
       0     -10       0
       0     -10       0
       0     -10       0
       0     -10       0
       0     -10       0
       0     -10       0
       0     -10       0
       0     -10       0
       0     -10       0
       0     -10       0
       0     -10       0
       0     -10       0
       0     -10       0
       0     -10       0
       0     -10       0
       0     -10       0
       0     -10       0
       0     -10       0
       0     -10       0
       0     -10       0
       0     -10       0
       0     -10       0
       0     -10       0
       0     -10       0
       0     -10       0
       0     -10       0
       0     -10       0
       0     -10       0
       0     -10       0
       0     -10       0
       0     -10       0
       0     -10       0
       0     -10       0
       0     -10       0
       0     -10       0
       0     -10       0
       0     -10       0
       0     -10       0
       0     -10       0
       0     -10       0
       0     -10       0
       0     -10       0
       0     -10       0
       0     -10       0
       0     -10       0
       0     -10       0
       0     -10       0
       0     -10       0
       0     -10       0
       0     -10       0
       0     -10       0
       0     -10       0
       0     -10       0
       0     -10       0
       0     -10       0
       0     -10       0
       0     -10       0
       0     -10       0
       0     -10       0
       0     -10       0
       0     -10       0
       0     -10       0
       0     -10       0
       0     -10       0
       0     -10       0
       0     -10       0
       0     -10       0
       0     -10       0
       0     -10       0
       0     -10       0
       0     -10       0
       0     -10       0
       0     -10       0
       0     -10       0
       0     -10       0
       0     -10       0
       0     -10       0
       0     -10       0
       0     -10       0
       0     -10       0
       0     -10       0
       0     -10       0
       0     -10       0
       0     -10       0
       0     -10       0
       0     -10       0
       0     -10       0
       0     -10       0
       0     -10       0
       0     -10       0
       0     -10       0
       0     -10       0
       0     -10       0
       0     -10       0
       0     -10       0
       0     -10       0
       0     -10       0
       0     -10       0
       0     -10       0
       0     -10       0
       0     -10       0
       0     -10       0
       0     -10       0
